Particigams

ARTE?
Chevron
CMG
ECL
ERC
HOT
INTECH
JNOC
Marathon
Phillip’s
RSRC
Shell
Stanford
'I'DC

0.40
1.03
0.46
0.42
0.33
0.21
0.60
0.45
0.26
0.00
0.00
0.48
0.00
0.00

0.93
1 .42
0.98
0.95
1 .05
0.45
1 .70
1 .05
0.85
0.00
0.00
l .09
0.00
0.00

1.46
3.89
1.70
1.53
1.13
1.10
1.20
1.86
0.92
0.00
0.00
1.69
0.00
0.00

3.34
5.41
3.57
3.49
3.50
1.50
3.50
4.31
3.04
0.00
0.00
3.74
0.00
0.00

3.15
8.57
3.68
3.33
2.25
1.97
1.70
4.14
1.97
0.00
0.00
3.57
0.00
0.00

7.25
1 1.97
7.73
7.55
7.30
3.06
5.30
9.58
6.53
0.00
0.00
7.77
0.00
0.00

