Panicigants

AR’I’EP
Chcmn
CMG
ECL
ERC
HOT
IN'I‘ECH
INOC
Marathon
Phillip’s
RSRC
Shell
Stanfotd
TDC

la

3466.76
3464.77
3446.32
3485.03
3439.96
351 1.65
3530.00
3471.72
3493.24
3449.40
3567.80
3448.75
3454.64
3438.21

1_b
3575.78
3576.10
3558.33
3569.71
3562.14
3582.92
3601.00
3589.29
3593.85
3572.40
3510.90
3571.38
3572.29
3544.40

2

3236.68
3239. 19
32 10.46
3326.22
3 1 99.89
3382.08
3382.00
325 1 .86
3295.26
3203.40
3444. 10
3201 . l 6
32 16.69
3203.95

3470.49
3464.32
3454.76
3490.41
3453.11
3520.19
3541.00
3491.07
3509.80
3460.20
3575.30
3456.91
3464.30
3452.69

3002.20
301 2. 1 3
2970.39
3 170.46
2949.06
3256. 1 8
3221.00
3020.84
3085.07
2953.20
33 1 8 .90
2948.98
2977.69
2959.82

3b

3364.74
3356.08
3345.85
3412.53
3343.41
3459.89
3479.00
3405.28
3433.56
3351.90
3530.30
3345.16
3359.93
3343.16

