Panicigants

A R'I'EP
Chevron
CMG
ECL
ERC
HOT
INTECH
JNOC
Marathon
Phillip’s
RS RC
Shell
Stanford
TDC

747.2
741.0
753.6
757.2
683.5
765.0
723.3
717.4
722.9
750.9
678.7
749.0
742.0
766.2

951.7
929.4
960.1
951.0
870.2
961.9
957.5
951.3
964.3
956.8
916.7
954.8
943.9
980.4

976.4
958.1
983.6
1034.2
900.3
1045.9
949.6
931.6
941.5
980.5
877.9
978.4
968.7
989.4

hunk.)

2b

1221.0
1181.6
1230.3
1251.0
1106.1
1263.7
1241.5
1245.9
1257.1
1227.1
1177.8
1224.6
1211.8
1210.0

1096.4
1066.0
1106.1
1229.1
1031.4
1247.0
1103.2
1084.4
1096.0
1103.5
1017.1
1100.0
1043.7
1105.0

1318.5
1274.8
1330.2
1444.8
1222.3
1466.8
1414.7
1412.7
1436.7
1325.0
1333.2
1322.4
1305.6
1279.2

740.8
665.3
709.0
696.7
672.0
714.0
754.4
660.6
781.7
712.0
620.5
733.5
331.0
845.4

902.8
797.7
850.6
827.4
788.4
877.6
890.4
843.9
895.8
859.7
801.5
884.1
457.6
933.6

